573422
190128
460779
510995
430070
408870
347764
576210
559364
348116
864490
219987
908083
274529
707012
188702
636156
217810
140223
230160
684656
429275
513045
904319
214857
264475
835134
479226
217375
742266
394782
701848
598782
283353
640902
216661
591542
189459
803205
561138
597998
939821
380621
344111
373689
615492
333491
340604
218809
445013
747301
211007
230776
852732
170910
390903
857650
457405
263522
282997
242253
698957
910123
615759
410993
249755
979992
573723
188368
743777
748648
835554
669078
689015
343802
587640
398480
736090
916845
319712
769714
258399
929822
752704
868345
157062
870290
647539
150895
941383
661565
106504
920517
176276
402468
418647
637020
854809
548477
931509