62081453483
92121512917
77051691242
59071293381
75041739367
80012096653
06320535873
00230592492
62070875274
51070463954
79041176553
89072262271
94120138251
94092018748
98041588229
95102985818
56030292195
78082055647
54110617962
73022124681
99030314258
66071235482
88072428579
78083137977
94020722794
71121251981
88010656446
87041384348
05280385153
61050168597
82021686382
78011011416
86122627644
85120476243
50080391651
54062568312
49021579968
80060823225
06281492699
00301993933
74122061393
76050899996
73111772443
72061446756
86022798565
81031969391
80122527539
79022094243
60081279586
01252485355
96121381539
95042517362
92080723575
01212712655
68070777561
82012394557
56012969143
96010696559
86112069621
87030977791
89033144817
72110629664
61092199568
05270497222
73081793123
71081444964
71070448135
83073042971
99060121325
49012111382
80092741735
98040823358
58012129262
63070589789
95060342632
59041468425
98030864565
52121787164
66090725951
52011243992
84011253644
91010167445
02251628819
59051898522
76091859782
50042538924
78092434434
70081415518
89041775881
75022322168
61020332487
60060518648
47121894365
86031983655
80070621442
00233034252
68060741534
66013018869
68120222687
56040989151